1 3530
2 3528
3 3527
4 3195
5 3994
6 3786
7 3785
8 3993
9 3521
10 3992
11 3781
12 3780
13 3777
14 3776
15 3516
16 3515
17 3514
18 3987
19 3985
20 3774
21 3772
22 3980
23 3978
24 3977
25 3976
26 4115
27 3767
28 3508
29 4114
30 3975
31 3764
32 3503
33 3973
34 3762
35 3760
36 3759
37 3758
38 3497
39 3757
40 4113
41 3756
42 3971
43 4112
44 3755
45 3969
46 4111
47 3495
48 3968
49 3750
50 3744
51 3742
52 3741
53 3965
54 3963
55 3740
56 3738
57 3962
58 3493
59 3961
60 3492
61 3736
62 4106
63 3960
64 3735
65 3734
66 3959
67 3958
68 4105
69 4104
70 3733
71 4102
72 3957
73 3956
74 4199
75 3952
76 3951
77 3950
78 3949
79 3948
80 4195
81 3947
82 4100
83 3723
84 3945
85 3944
86 4194
87 3722
88 4098
89 4193
90 3943
91 3942
92 4095
93 4192
94 3720
95 3941
96 3940
97 3719
98 3718
99 3939
100 3717
101 3938
102 3937
103 3936
104 3935
105 3934
106 4094
107 4093
108 3932
109 4091
110 4090
111 3715
112 3931
113 4191
114 4089
115 4088
116 4190
117 3713
118 3930
119 4087
120 4086
121 3929
122 4085
123 3712
124 3711
125 3710
126 3709
127 4084
128 4189
129 3928
130 3486
131 3485
132 3484
133 3923
134 3922
135 4083
136 3918
137 3912
138 4184
139 4182
140 4252
141 4080
142 4079
143 4077
144 4076
145 4074
146 4245
147 4073
148 4072
149 4242
150 3902
151 3900
152 4241
153 4177
154 4240
155 4071
156 3899
157 4070
158 3479
159 4069
160 4068
161 4067
162 4066
163 4065
164 4064
165 4288
166 4175
167 4174
168 4238
169 4063
170 4286
171 4285
172 4171
173 4234
174 4169
175 4061
176 4167
177 4275
178 4166
179 3697
180 4362
181 4232
182 4231
183 4319
184 4059
185 4315
186 4229
187 4164
188 4314
189 4312
190 4358
191 4357
192 4356
193 4355
194 4228
195 4354
196 4353
197 4352
198 4163
199 4351
200 4279
