3530
3528
3527
3195
3994
3786
3785
3993
3521
3992
3781
3780
3777
3776
3516
3515
3514
3987
3985
3774
3772
3980
3978
3977
3976
4115
3767
3508
4114
3975
3764
3503
3973
3762
3760
3759
3758
3497
3757
4113
3756
3971
4112
3755
3969
4111
3495
3968
3750
3744
3742
3741
3965
3963
3740
3738
3962
3493
3961
3492
3736
4106
3960
3735
3734
3959
3958
4105
4104
3733
4102
3957
3956
4199
3952
3951
3950
3949
3948
4195
3947
4100
3723
3945
3944
4194
3722
4098
4193
3943
3942
4095
4192
3720
3941
3940
3719
3718
3939
3717
3938
3937
3936
3935
3934
4094
4093
3932
4091
4090
3715
3931
4191
4089
4088
4190
3713
3930
4087
4086
3929
4085
3712
3711
3710
3709
4084
4189
3928
3486
3485
3484
3923
3922
4083
3918
3912
4184
4182
4252
4080
4079
4077
4076
4074
4245
4073
4072
4242
3902
3900
4241
4177
4240
4071
3899
4070
3479
4069
4068
4067
4066
4065
4064
4288
4175
4174
4238
4063
4286
4285
4171
4234
4169
4061
4167
4275
4166
3697
4362
4232
4231
4319
4059
4315
4229
4164
4314
4312
4358
4357
4356
4355
4228
4354
4353
4352
4163
4351
4279
