201 4273
202 4284
203 4289
204 4230
205 4292
206 4236
207 4337
208 4331
209 4278
210 4239
211 3896
212 4243
213 4251
214 4360
215 4363
216 4324
217 4281
218 4368
219 4274
220 4283
221 4371
222 4369
223 4370
224 4271
225 4350
226 4246
227 4247
228 4250
229 4282
230 4248
231 4361
232 4365
233 4280
234 4332
235 4329
236 4322
237 4333
238 4320
239 4272
240 4276
241 3898
242 4244
243 4359
244 4330
245 4326
246 4341
247 4313
248 4340
249 4277
250 4334
251 4325
252 4335
253 4338
254 4323
255 4339
256 4327
257 4336
258 3897
259 4270
260 4345
261 4364
262 4254
263 3480
264 4255
265 4183
266 4299
267 4185
268 3704
269 4344
270 4291
271 4366
272 4367
273 4343
274 3703
275 4342
276 4348
277 4293
278 4181
279 4294
280 4290
281 3705
282 4328
283 4300
284 4296
285 4249
286 4297
287 4295
288 4298
289 3706
290 4306
291 4235
292 4318
293 4317
294 4096
295 4179
296 4316
